463
451
450
434
430
436
444
436
430
452
435
426
411
414
408
418
422
414
409
423
429
445
435
438
435
446
439
443
414
430
456
462
467
469
473
488
490
482
477
476
473
468
466
460
459
456
447
445
441
448
434
427
444
463
466
449
450
447
443
451
455
462
471
486
468
466
479
480
484
467
423
418
413
422
419
419
427
431
447
445
448
443
445
449
433
446
445
428
424
421
412
416
413
409
404
400
401
404
413
437
417
408
399
392
385
387
381
408
416
424
472
476
466
453
469
472
466
470
482
480
504
524
610
615
589
603
614
608
602
599
609
607
618
569
558
557
543
550
537
551
549
553
549
558
554
552
577
580
584
578
575
566
569
567
568
560
555
558
572
553
556
561
578
580
575
553
557
533
543
543
546
544
550
539
532
529
523
523
513
509
508
507
516
510
530
492
486
468
484
479
474
454
475
472
451
455
466
454
461
486
479
454
466
451
453
452
429
427
426
418
427
443
438
464
451
447
443
440
447
445
447
437
430
426
440
445
444
434
430
445
447
451
445
449
456
451
452
437
439
440
446
439
427
415
410
409
403
401
429
433
436
454
502
527
581
538
597
524
562
567
576
575
581
556
557
542
554
555
572
573
595
595
606
598
588
552
537
531
523
521
531
543
537
551
553
529
559
547
543
548
571
565
564
559
534
571
564
566
539
536
544
540
530
545
529
520
542
525
520
518
518
496
502
510
532
514
525
490
506
501
535
507
493
507
480
454
470
493
470
476
494
498
464
459
455
463
454
448
445
425
411
406
409
399
398
401
417
404
401
393
399
398
392
406
370
362
362
366
381
366
366
370
370
372
363
387
386
386
379
376
381
383
371
368
362
356
352
355
351
347
339
336
338
340
337
340
347
339
336
321
338
357
340
338
329
323
325
318
326
319
314
319
319
319
317
319
321
318
317
312
309
306
309
308
310
310
307
300
304
306
306
306
303
308
302
298
298
301
303
302
332
359
353
355
366
361
355
342
336
328
329
372
377
376
382
383
378
379
370
369
374
365
347
357
354
349
349
347
356
363
363
361
362
368
365
371
364
364
359
361
350
349
339
342
340
353
359
354
353
364
353
377
381
379
388
392
405
442
451
450
440
504
491
498
502
491
499
509
510
505
505
508
529
531
521
534
533
530
544
547
541
519
518
494
510
515
510
523
526
504
503
518
500
508
496
517
500
503
488
481
488
483
503
496
507
552
568
555
556
563
558
552
548
540
532
511
499
482
460
447
447
444
446
438
432
443
424
434
428
427
426
457
456
462
474
468
476
499
490
487
501
487
483
487
483
474
468
461
470
462
467
462
453
441
439
423
425
427
422
418
414
412
407
404
400
396
396
395
392
389
386
381
381
381
383
372
363
361
357
352
347
347
345
348
344
335
325
323
335
333
360
369
367
366
359
355
350
341
331
331
331
328
333
352
355
359
362
369
381
363
362
368
365
366
357
357
357
354
340
344
347
344
340
338
343
362
361
361
360
347
336
343
348
342
356
352
344
343
336
336
321
328
326
358
335
326
328
327
324
319
309
314
321
320
316
311
311
310
307
304
303
302
301
295
292
290
289
289
289
281
279
285
284
285
281
271
268
268
266
267
263
261
262
265
273
280
285
281
279
280
278
276
280
281
282
280
285
285
283
284
283
282
279
270
273
280
287
291
289
286
293
305
314
310
308
308
306
309
305
303
301
303
301
314
297
298
301
303
300
293
292
285
284
279
275
271
272
274
274
271
269
266
269
281
278
277
279
280
277
278
276
278
279
288
307
332
332
327
327
329
347
354
358
356
360
363
360
361
366
371
368
372
364
359
358
363
361
377
387
398
381
384
404
398
390
403
397
392
402
401
405
409
414
409
415
415
420
421
465
434
421
452
468
459
449
445
430
433
412
426
408
430
443
458
472
451
464
473
468
479
484
473
475
478
474
470
477
472
469
470
466
470
469
466
469
475
466
461
452
451
459
447
452
451
446
437
429
431
429
430
434
447
449
435
432
427
424
410
416
412
409
404
405
402
405
397
396
393
399
400
405
404
400
395
392
387
382
382
376
379
383
391
399
396
396
409
393
393
412
443
444
454
442
441
416
412
414
409
384
367
367
373
370
367
365
361
373
407
408
407
388
413
405
416
421
414
411
422
419
406
394
402
400
400
402
392
389
388
400
380
378
380
392
391
392
391
385
384
384
375
370
368
366
366
362
363
360
360
362
357
376
351
356
349
337
336
340
340
339
338
341
342
336
334
334
331
331
330
329
328
330
334
340
342
341
342
341
357
349
335
342
355
358
356
353
354
357
362
357
357
353
355
354
351
349
347
349
350
355
352
352
354
357
359
362
367
369
366
390
388
401
397
400
395
388
380
379
376
411
417
418
420
417
414
407
410
399
406
410
409
407
392
387
384
378
394
390
387
378
377
376
382
407
385
400
390
395
390
389
400
373
373
384
386
373
369
376
378
399
402
419
431
423
412
413
408
411
434
433
434
424
422
415
428
410
422
421
419
416
427
442
438
468
478
481
523
524
543
563
570
586
590
604
611
620
639
639
604
601
583
578
559
582
578
590
599
588
594
559
564
560
558
544
552
535
547
548
553
563
585
604
604
623
618
636
649
630
645
615
626
626
621
624
618
631
589
586
617
609
626
625
585
599
582
593
602
578
564
565
570
574
576
587
584
563
563
562
569
557
570
551
544
551
550
555
551
547
541
533
533
534
530
526
521
514
510
522
523
509
503
486
486
478
475
465
459
445
450
438
446
440
416
403
395
398
389
385
372
370
360
356
349
344
339
339
340
338
336
335
333
331
333
335
336
331
334
335
325
319
317
325
322
321
329
326
333
338
339
347
348
346
346
339
339
348
344
340
349
359
359
360
356
355
357
354
348
354
362
365
374
374
374
370
370
364
370
367
374
370
367
359
354
375
374
366
351
336
357
354
349
347
352
331
324
340
350
340
336
339
321
330
338
332
330
327
328
323
309
314
316
320
313
311
310
317
321
316
320
323
322
320
311
308
306
312
324
327
322
298
299
314
325
340
346
349
359
354
361
367
354
355
364
366
388
410
414
406
419
431
410
418
405
405
394
387
379
381
379
381
388
385
388
393
391
398
399
382
386
382
370
359
367
367
363
387
385
375
376
355
367
377
374
384
378
370
373
377
380
374
376
375
377
379
382
383
379
373
379
376
370
373
372
366
366
354
349
349
352
360
366
363
359
352
350
350
346
344
344
343
328
328
337
333
327
326
326
327
323
322
317
313
308
312
320
342
362
379
378
393
380
371
374
370
353
355
384
397
393
391
387
382
375
380
377
375
386
379
378
376
391
382
398
400
402
425
429
437
441
438
433
461
467
479
453
457
441
442
450
451
441
445
452
447
453
451
440
439
439
430
449
443
426
425
437
440
442
428
429
425
427
421
414
410
400
395
408
406
404
400
396
389
387
385
385
382
380
375
372
369
360
372
377
367
378
360
354
334
344
356
357
359
351
347
349
353
342
349
362
372
366
367
366
366
367
368
363
351
360
361
364
363
361
363
358
357
359
363
362
369
369
362
362
367
379
387
387
400
402
441
457
460
480
498
518
542
518
509
508
533
581
570
569
557
552
565
582
590
586
581
570
555
546
545
552
533
530
510
509
498
493
497
504
488
487
484
481
481
479
479
467
469
470
460
454
465
468
453
443
440
434
424
422
428
426
429
423
407
410
406
403
392
391
386
381
379
377
375
378
370
365
361
363
362
364
359
353
349
345
343
339
347
351
345
341
341
341
333
327
330
333
326
328
326
327
323
324
323
322
329
323
323
320
316
312
311
306
331
339
344
342
347
354
375
392
385
411
421
421
433
453
554
569
551
551
559
552
546
538
509
500
511
516
518
515
513
508
506
504
508
501
495
489
488
492
479
476
471
465
461
474
466
462
460
461
456
457
454
447
444
432
425
417
420
415
410
411
412
411
412
412
415
414
403
402
398
393
396
390
388
387
389
390
388
385
381
374
375
373
369
383
421
459
509
524
517
561
549
552
544
550
563
557
550
561
558
551
532
512
515
506
502
507
515
510
500
497
492
473
464
438
445
498
493
508
446
459
461
474
473
452
456
479
476
526
553
521
506
511
514
530
538
539
538
547
552
570
563
550
551
557
567
575
569
559
574
564
555
561
527
528
527
550
527
512
500
498
482
479
476
473
466
459
456
434
444
450
459
449
446
451
468
466
433
416
419
418
415
415
420
414
412
398
398
414
429
425
419
440
433
427
430
426
445
438
418
417
422
413
414
436
458
430
423
431
436
441
405
404
406
412
386
399
388
378
393
429
395
399
420
400
404
427
413
413
418
413
409
393
391
406
410
397
401
394
402
409
410
398
425
426
413
418
414
424
425
434
424
416
407
413
412
392
389
381
382
368
377
389
406
398
398
414
436
437
432
422
406
424
423
424
415
422
413
409
423
409
405
401
400
393
389
397
405
404
402
402
407
416
414
415
431
413
419
424
417
431
434
425
452
460
469
460
451
457
468
454
452
450
446
438
440
438
443
449
455
454
458
484
478
482
479
499
502
516
522
530
539
547
553
532
532
542
555
547
541
540
533
529
521
532
504
488
489
475
468
465
460
440
431
428
426
426
425
420
415
410
385
378
373
368
364
360
357
351
350
356
363
361
366
352
354
363
374
370
377
403
395
389
383
374
388
425
426
406
422
422
423
418
414
398
404
400
413
415
403
409
417
416
412
434
461
468
456
458
466
472
471
479
496
485
487
478
482
495
490
499
494
493
487
499
507
504
504
501
512
495
514
535
527
516
515
504
516
514
517
516
525
520
533
530
538
527
526
518
523
529
530
525
555
537
542
531
516
529
551
527
510
519
531
519
513
514
509
500
507
497
501
518
510
511
504
499
507
494
495
475
466
460
456
455
448
449
447
436
425
433
418
422
435
417
424
408
401
420
416
409
402
401
407
409
396
393
389
400
395
389
388
368
366
369
367
376
386
374
360
363
366
365
366
366
346
340
335
328
327
326
323
327
337
345
359
383
401
420
441
441
434
447
465
486
512
483
469
467
465
455
441
441
440
433
438
425
415
411
407
418
416
419
407
413
408
400
392
395
402
409
411
403
402
410
417
396
402
398
393
377
372
398
395
385
387
381
371
366
374
370
383
383
387
385
385
383
394
382
375
376
378
367
359
369
376
369
389
376
387
371
366
371
370
375
384
376
381
387
398
391
391
387
400
409
398
375
387
389
403
406
435
419
396
394
387
388
387
370
369
365
359
369
373
371
350
368
375
369
385
371
352
355
379
381
390
388
387
385
377
374
374
368
365
364
361
359
362
359
364
368
364
355
352
353
346
349
348
346
349
345
344
340
347
343
342
343
342
349
341
341
340
337
335
334
335
343
343
343
338
334
335
330
329
326
325
322
330
344
339
334
334
338
334
335
338
339
345
339
331
330
333
335
334
332
340
350
351
349
372
372
362
356
365
389
394
397
392
387
375
369
365
345
343
337
340
345
344
348
341
344
347
347
357
357
362
387
372
371
359
361
368
358
354
395
389
374
378
371
364
364
393
393
426
435
440
414
389
385
378
397
407
401
435
458
473
491
485
509
525
568
535
598
617
615
609
580
599
544
552
536
562
535
518
535
518
504
506
498
503
507
501
496
483
473
465
464
451
449
478
475
484
475
467
459
452
442
434
429
428
416
412
407
407
402
398
395
383
382
379
380
373
370
364
362
356
372
376
378
377
375
374
387
387
385
370
374
365
373
369
366
371
372
365
422
463
462
448
423
418
413
421
413
398
421
424
412
417
412
409
400
411
408
412
404
410
416
428
432
432
428
421
424
422
411
405
395
400
400
397
393
397
402
401
397
396
395
398
393
396
391
385
387
381
375
368
371
379
382
384
384
386
389
384
382
380
378
384
384
375
378
387
388
373
369
364
370
370
360
360
360
359
345
337
333
346
354
373
349
354
352
357
357
354
362
355
354
351
349
346
343
344
342
346
335
326
325
334
342
329
328
323
315
320
321
349
362
353
352
359
356
361
364
362
374
390
385
393
420
409
414
424
421
419
414
424
420
412
422
417
427
425
427
431
448
447
448
441
450
443
437
445
445
427
427
433
460
484
494
525
544
550
552
587
561
551
534
528
481
473
446
425
439
440
424
428
427
420
412
414
418
423
424
430
436
438
448
466
474
478
484
491
486
491
497
501
501
500
512
519
522
541
533
540
544
524
568
524
541
525
532
520
519
532
521
523
537
517
519
519
506
515
506
501
505
493
526
519
511
504
506
528
517
505
531
505
502
470
466
494
485
477
489
500
506
487
484
498
484
471
445
463
438
429
428
442
450
422
431
440
435
453
460
454
448
452
441
436
439
430
426
422
434
439
446
442
454
456
456
455
457
454
448
439
438
447
447
432
433
432
455
433
419
416
402
402
412
417
431
419
425
424
424
418
414
414
418
409
396
406
400
389
392
387
381
388
381
379
377
375
369
366
378
368
362
358
364
364
356
355
349
351
348
352
352
354
351
346
347
346
345
348
347
360
357
361
362
359
362
363
371
367
365
374
372
370
390
385
386
377
375
386
405
370
364
364
352
363
373
369
371
367
376
383
405
406
413
433
444
439
448
453
465
456
452
441
439
445
444
464
472
447
445
458
476
463
453
450
463
461
504
511
517
535
517
543
546
554
554
553
549
573
559
572
567
568
561
556
551
542
531
534
531
522
513
503
495
492
485
481
478
484
482
473
480
474
458
455
466
463
450
447
446
445
450
445
443
436
422
418
421
416
406
405
404
397
399
396
393
389
386
388
392
384
382
373
373
372
368
366
373
369
374
374
379
388
399
379
378
379
381
376
381
383
379
373
376
377
372
393
410
404
410
397
407
400
396
401
396
396
416
429
425
513
528
521
509
506
486
478
480
475
473
460
450
443
433
430
423
424
431
449
461
460
460
455
471
465
478
485
490
495
494
500
513
525
538
560
586
561
559
559
587
572
616
620
641
655
630
616
641
612
635
646
621
623
606
608
604
635
667
644
659
653
658
674
660
670
667
673
682
651
653
642
642
643
624
616
605
604
610
591
591
603
577
570
567
604
609
603
589
588
594
576
581
598
580
568
562
553
546
544
532
519
513
517
512
514
515
510
498
490
479
488
462
445
424
423
421
416
412
413
414
413
417
428
429
421
407
403
409
411
406
401
404
396
391
391
388
395
394
387
388
385
387
380
374
374
378
382
375
361
358
356
357
359
358
362
364
360
354
351
345
341
343
342
340
339
325
321
326
337
334
334
324
344
347
343
342
352
352
354
346
340
338
336
335
332
324
316
321
337
333
342
350
352
370
371
376
377
386
397
395
398
407
405
423
422
418
423
416
430
435
464
442
435
439
456
435
438
450
484
479
494
469
511
478
479
487
491
485
485
482
495
503
494
479
488
492
498
500
500
504
501
493
491
501
503
519
515
513
524
520
534
531
525
529
518
516
501
532
522
506
515
509
504
503
518
502
498
498
487
486
480
476
478
500
497
501
491
495
495
469
485
452
447
446
454
449
442
439
444
451
448
445
435
444
437
442
447
442
434
440
436
423
426
437
439
441
439
432
434
437
426
426
431
422
417
422
438
441
471
475
479
481
454
444
419
397
428
428
420
419
418
438
437
432
438
447
446
445
458
459
458
480
491
492
485
479
477
488
479
487
496
483
474
474
474
471
477
496
529
548
594
592
587
602
597
619
623
617
579
617
587
576
555
549
580
573
579
555
558
551
552
561
566
556
548
526
551
527
536
522
528
524
521
514
503
502
491
483
485
489
492
493
478
450
442
416
383
385
404
398
423
393
466
444
423
395
405
422
435
440
422
413
420
414
415
410
414
409
410
407
422
412
419
418
417
433
438
420
406
393
393
395
392
391
392
387
380
373
372
377
373
371
367
364
359
354
351
353
349
356
351
355
351
345
342
341
338
336
337
335
330
336
357
353
359
365
367
370
368
359
352
348
362
365
368
378
403
405
407
402
422
432
430
416
407
394
402
399
422
462
444
459
461
483
487
498
485
500
497
508
515
516
495
511
515
497
503
506
507
503
497
497
495
502
496
491
483
479
462
450
473
460
477
475
468
455
453
443
438
419
423
423
435
464
446
435
440
467
475
486
503
507
492
510
496
487
522
546
549
512
509
501
489
506
514
513
495
498
496
496
496
497
514
516
513
509
512
503
502
482
478
459
457
458
461
449
443
451
464
453
448
442
454
471
473
479
485
490
483
472
480
492
494
492
475
483
482
467
459
470
467
466
440
436
433
432
431
425
432
428
414
406
410
401
402
395
387
400
420
399
378
374
377
383
374
360
360
371
368
361
359
352
351
343
349
346
332
326
316
312
310
305
302
305
308
309
298
296
295
290
291
292
292
299
302
299
301
296
299
309
307
310
309
306
309
309
304
309
306
305
303
304
303
307
300
298
292
290
289
290
295
297
291
300
308
316
324
319
316
309
319
321
325
332
336
339
357
378
382
398
409
463
504
534
560
565
585
582
612
588
580
567
582
622
625
617
605
609
590
588
616
604
577
568
571
544
532
531
499
494
510
519
510
506
505
513
510
500
503
525
505
488
478
509
488
492
495
476
456
471
468
471
488
481
498
482
476
472
443
443
474
455
432
436
446
441
451
458
462
452
461
446
437
412
414
412
413
410
415
422
419
411
407
396
397
393
397
397
390
381
378
378
378
371
368
373
370
369
366
365
359
353
351
348
348
347
342
346
341
351
349
342
339
342
342
343
345
346
348
349
352
347
349
355
349
357
357
370
402
406
416
412
416
414
428
429
433
439
502
515
511
495
460
452
467
481
523
543
510
495
515
511
500
459
471
469
465
474
473
472
463
463
450
468
442
436
433
447
453
449
435
457
445
467
464
470
468
483
507
528
525
543
545
554
556
562
557
547
533
531
530
520
514
529
517
518
532
523
515
504
492
494
494
505
474
460
459
453
452
451
453
442
418
417
425
438
465
462
485
510
527
536
516
503
519
590
604
620
643
656
676
678
672
662
654
642
645
619
622
609
605
594
571
545
537
537
536
532
541
576
595
599
561
581
573
557
544
530
533
528
525
528
540
530
520
514
541
532
542
538
535
543
522
507
514
516
503
501
497
518
536
552
575
565
564
599
615
594
589
587
591
603
612
598
585
585
576
572
562
579
592
574
565
574
576
571
577
595
589
590
596
580
591
603
604
606
604
611
605
605
627
611
589
574
577
581
564
551
555
568
567
539
543
533
528
528
535
543
538
527
518
495
493
496
488
479
476
459
454
452
477
483
470
475
467
476
479
461
458
458
457
451
433
429
425
444
437
428
428
424
432
436
427
431
420
420
413
423
436
404
397
392
390
394
384
379
379
380
376
375
378
375
367
367
366
361
355
353
351
354
342
342
338
345
347
350
352
350
346
351
363
361
369
367
374
379
379
391
402
411
421
423
390
368
367
373
363
370
363
346
347
347
352
382
394
453
455
443
443
438
462
495
510
509
522
513
503
498
500
496
503
484
490
482
477
473
507
524
518
525
528
518
522
519
501
509
526
515
502
493
488
480
476
479
476
474
475
468
469
472
465
452
454
459
449
447
455
458
451
459
459
445
442
466
460
471
464
460
472
465
448
454
476
478
481
490
502
498
504
502
487
480
488
486
508
489
487
494
499
493
488
480
469
464
461
454
455
458
466
459
472
449
455
477
472
476
479
481
483
485
493
488
477
471
462
460
457
451
446
444
457
455
432
432
431
433
436
433
432
416
409
407
409
408
408
399
396
390
386
373
373
383
395
388
383
381
378
373
372
372
368
368
354
351
349
344
346
345
345
343
353
331
344
350
346
344
344
342
334
339
345
353
347
362
372
368
365
370
371
369
368
369
384
394
392
395
397
396
390
389
395
404
402
392
391
390
378
381
380
384
387
387
377
373
369
376
385
382
375
369
366
361
362
352
349
348
347
343
342
343
345
342
343
354
364
373
388
394
404
405
419
435
438
455
457
465
459
452
440
456
455
466
458
449
446
456
461
447
446
450
445
449
459
449
448
440
449
443
441
429
425
417
417
425
413
418
410
408
409
405
410
416
417
412
411
403
394
398
395
388
383
379
384
381
379
374
363
361
358
355
354
361
352
346
346
342
337
335
332
330
330
330
328
327
328
330
325
325
327
323
324
322
323
325
324
322
320
316
314
312
313
313
318
318
328
340
372
382
389
406
410
410
412
405
414
428
422
440
452
448
500
496
503
508
510
496
497
512
522
506
535
545
559
567
585
599
590
595
591
561
516
520
519
520
570
579
578
585
590
609
623
631
622
627
630
611
616
604
618
599
594
596
587
608
629
613
611
623
625
638
626
628
617
614
623
603
625
604
594
580
607
617
604
603
608
589
591
575
572
562
562
558
566
562
583
590
573
557
571
578
568
553
550
560
534
538
521
518
550
519
514
517
507
507
503
490
498
507
494
486
476
468
438
452
493
500
502
503
519
506
511
513
504
558
617
606
590
596
562
567
603
625
602
617
637
630
621
602
596
583
575
574
567
568
573
578
555
548
559
557
539
531
537
551
533
516
539
530
525
513
534
519
516
509
504
491
517
516
529
525
536
527
540
541
535
546
540
561
546
558
551
567
569
606
661
639
645
675
638
679
646
659
664
651
642
624
613
626
634
641
634
608
627
631
626
620
619
618
626
613
610
610
631
608
603
605
598
595
591
579
576
572
568
569
558
549
543
547
538
528
518
506
499
487
502
502
486
481
478
473
468
463
458
452
458
464
460
460
458
454
449
450
453
446
443
443
442
438
439
437
432
427
422
429
420
416
430
413
410
409
401
396
384
369
363
364
356
356
358
355
356
352
353
354
354
348
348
351
342
343
330
328
328
330
344
353
343
337
331
327
323
322
322
322
324
326
407
450
459
489
491
524
537
569
566
563
558
565
567
553
556
528
523
520
500
498
498
506
501
480
484
476
472
469
458
452
455
433
445
452
460
448
446
442
480
461
462
430
422
421
411
424
407
403
409
410
417
417
407
402
391
377
380
389
384
390
398
393
376
398
414
448
456
445
449
452
435
441
439
440
420
420
424
393
369
384
380
378
383
384
389
382
380
374
373
369
370
367
366
374
366
373
381
391
385
380
383
386
390
382
399
396
395
397
395
395
390
382
410
431
430
438
431
422
429
424
434
441
450
452
451
445
440
438
432
425
434
437
451
457
446
439
427
423
424
414
412
410
400
392
384
378
369
364
362
358
357
360
356
354
356
354
357
356
352
356
354
353
350
344
342
341
340
340
338
339
338
339
339
342
339
340
337
336
337
333
333
332
330
331
328
331
326
326
327
328
326
322
322
337
337
342
339
338
338
330
329
360
363
368
372
359
380
401
397
400
427
441
518
528
533
550
528
531
514
529
521
500
529
595
601
624
601
579
575
574
592
583
566
562
533
531
531
526
529
519
518
514
497
500
499
493
490
481
479
473
464
464
461
454
449
448
450
439
432
429
413
413
405
403
403
395
395
400
399
397
401
407
403
400
405
403
399
396
392
393
388
382
380
376
363
359
354
350
350
348
344
342
339
331
332
324
332
332
337
326
324
324
323
321
323
326
322
323
328
317
317
322
323
320
320
317
308
313
346
333
336
343
345
344
346
352
373
377
407
421
445
442
442
428
424
412
407
408
419
421
422
416
426
430
430
427
425
426
444
515
548
553
554
557
550
556
546
541
553
555
554
543
554
570
581
580
572
579
582
601
593
597
613
593
586
582
592
584
570
560
548
549
551
545
545
562
547
548
565
619
594
614
626
626
629
607
639
648
648
651
642
641
639
626
640
675
665
633
619
616
615
598
598
582
577
580
603
653
629
608
621
604
610
598
594
598
589
583
590
603
618
588
601
599
597
594
584
578
585
568
555
552
554
550
536
522
560
551
535
550
542
523
527
522
510
506
493
499
502
498
484
466
465
467
457
474
473
478
473
470
485
488
492
495
482
490
497
513
508
479
502
484
496
463
480
476
480
491
518
575
634
625
616
628
610
618
603
602
568
583
599
608
603
607
594
605
610
564
540
565
580
637
648
662
632
631
628
616
623
613
630
633
615
619
619
608
595
600
593
592
595
605
590
597
616
612
604
599
602
602
593
597
584
606
601
592
604
586
592
613
602
595
618
627
627
621
614
594
557
526
524
529
550
531
535
522
524
532
539
544
550
541
523
519
507
505
509
517
519
490
503
508
500
496
489
482
483
460
450
448
452
449
445
445
437
442
441
432
419
414
413
407
425
420
407
413
438
452
433
414
417
424
408
426
410
390
393
385
379
395
386
367
375
372
369
349
353
359
363
362
358
352
346
346
339
332
330
323
326
322
315
308
301
301
294
292
295
290
286
284
284
286
295
306
302
296
291
288
293
293
304
305
309
306
302
304
309
314
320
331
335
336
336
335
331
333
329
327
331
332
332
336
364
387
389
402
408
390
382
390
385
379
380
378
384
361
412
405
382
365
374
362
357
352
358
368
382
360
347
364
355
359
362
347
352
361
354
350
351
359
346
328
327
319
311
312
323
348
349
344
342
327
328
336
338
326
332
332
335
332
332
324
319
323
342
330
330
334
319
314
313
307
301
303
300
308
307
305
307
309
307
309
309
309
309
300
296
295
290
291
295
297
299
307
319
315
314
309
319
322
328
338
354
362
381
384
390
390
411
403
398
406
404
407
398
407
407
418
427
423
409
403
396
394
399
392
401
401
383
380
376
364
361
368
365
367
384
396
391
376
367
363
359
367
361
367
362
388
386
377
373
370
386
424
433
421
417
451
468
509
523
547
584
579
564
539
516
507
509
539
540
522
524
530
536
517
515
530
514
510
529
527
531
549
565
545
557
551
547
558
564
567
555
541
538
526
523
520
517
512
514
525
522
504
506
506
518
523
493
501
486
483
500
477
470
477
484
473
491
483
473
454
465
461
450
432
444
432
438
427
425
445
433
446
431
415
426
434
424
416
408
406
411
422
418
414
419
418
420
415
415
419
408
399
398
414
409
388
387
381
376
376
372
372
370
388
382
376
374
373
369
375
374
371
362
358
362
377
375
372
362
360
356
348
342
335
334
331
332
326
342
344
346
346
337
342
334
334
334
339
346
352
348
343
342
340
349
368
379
378
383
386
386
398
393
390
388
388
410
420
440
454
442
451
451
450
452
450
462
448
432
424
425
419
416
446
466
452
446
441
422
431
429
417
423
408
417
428
420
431
432
419
414
422
433
425
430
417
429
426
430
423
429
475
477
488
505
521
526
570
555
554
563
551
556
562
592
574
595
619
614
606
600
608
620
613
622
608
606
617
645
659
651
634
617
640
632
641
645
674
652
630
666
644
666
664
678
672
677
668
670
662
655
677
675
683
680
682
687
696
667
654
647
656
666
682
700
702
694
686
686
708
687
651
674
659
662
662
668
653
656
655
657
654
656
641
642
625
620
615
621
622
615
631
622
604
598
617
573
568
574
574
573
564
580
571
573
565
545
546
557
550
552
532
536
534
527
543
571
515
543
558
562
539
487
476
491
495
502
499
502
544
521
525
531
506
490
491
483
477
489
489
490
491
485
483
489
486
476
474
484
486
476
486
488
493
502
504
498
497
489
503
516
522
511
488
471
455
464
455
453
449
447
456
451
452
452
451
445
441
445
452
442
441
462
451
434
428
419
415
417
397
400
410
410
387
400
402
404
400
415
411
406
399
377
392
394
392
401
402
403
391
401
392
396
391
391
390
373
370
360
359
357
359
356
347
351
350
344
346
345
345
350
349
352
346
342
343
340
343
341
338
337
335
337
337
337
341
339
333
332
330
328
333
326
322
325
343
339
328
323
319
325
320
313
307
309
304
298
302
299
294
291
293
282
286
289
288
288
293
293
293
295
296
294
290
290
291
289
291
292
292
300
292
295
287
270
267
268
269
263
274
279
271
272
271
271
275
299
296
294
300
305
306
307
309
320
327
322
320
326
322
324
325
316
311
311
330
317
313
306
308
305
300
297
297
298
300
303
305
304
300
298
297
295
298
296
297
298
299
299
294
287
294
296
286
279
278
295
306
312
308
309
307
303
302
299
299
302
296
290
291
299
294
294
294
296
298
313
318
314
312
307
301
311
325
327
322
301
298
288
302
300
298
293
290
290
287
301
307
297
304
302
308
326
334
329
335
341
345
346
344
348
344
345
353
350
344
340
342
341
337
334
342
335
340
333
334
342
348
352
362
369
367
369
366
375
386
394
407
406
412
411
412
420
443
474
479
540
572
611
651
639
632
636
645
662
689
703
727
726
706
701
700
688
659
636
636
652
654
619
611
621
615
596
608
610
625
624
603
595
599
585
554
550
542
532
526
507
513
498
513
505
516
519
510
511
511
500
488
488
477
475
478
467
457
460
459
463
470
461
468
466
465
458
452
452
449
442
444
436
423
421
417
407
404
406
401
393
383
386
385
382
386
388
394
390
389
385
376
374
383
379
380
381
376
372
375
373
368
370
369
367
363
358
349
350
359
363
364
359
354
352
354
349
351
359
360
363
361
356
352
349
350
348
351
353
353
356
353
357
367
366
363
372
393
407
406
405
404
398
395
390
392
387
399
401
415
412
411
415
417
411
409
420
420
424
434
429
430
423
413
438
466
473
476
483
499
504
501
498
502
501
508
515
515
514
520
526
529
545
522
523
546
560
600
615
643
683
676
695
673
657
630
608
623
615
605
621
622
626
626
616
612
653
681
684
688
681
692
684
676
672
672
677
648
660
669
673
657
705
680
692
685
664
664
686
680
671
703
688
702
691
694
683
682
667
687
686
685
692
690
672
668
669
656
651
660
656
656
621
604
614
602
630
615
600
594
596
596
596
597
574
584
581
588
586
590
570
552
542
548
530
522
523
513
508
517
536
558
551
534
534
537
535
533
523
525
515
525
525
517
512
515
507
511
496
513
528
489
486
533
535
524
518
535
526
500
491
483
485
477
489
510
501
514
494
471
480
486
475
469
483
485
484
488
505
530
534
530
520
517
515
519
527
536
515
511
517
520
516
519
519
515
541
552
531
506
515
525
547
542
532
533
525
549
525
523
528
540
541
535
531
530
527
528
530
532
525
508
500
504
500
503
496
491
486
485
486
483
482
472
475
460
454
445
449
455
447
441
440
432
430
431
435
437
449
450
455
448
437
437
423
417
417
434
442
438
435
449
448
451
447
443
443
443
436
438
427
398
387
398
420
419
424
434
426
417
407
418
428
433
440
444
450
448
432
423
422
425
421
425
415
413
415
413
405
406
402
397
392
382
376
372
379
366
354
360
374
372
369
363
358
365
371
358
356
355
355
348
344
346
359
359
362
356
366
370
351
350
355
356
357
356
353
349
342
336
339
341
344
341
351
356
365
361
360
377
387
383
385
375
377
392
386
386
387
393
387
386
401
410
394
393
389
382
384
380
374
375
369
367
372
374
375
390
386
378
377
377
370
373
376
380
367
377
375
370
362
365
361
357
356
360
353
353
350
343
382
424
424
426
438
432
430
437
427
421
431
439
436
415
411
408
404
392
398
392
383
396
384
382
383
382
383
377
384
363
366
374
368
358
361
362
364
361
354
358
357
361
362
405
391
380
387
366
357
366
386
438
450
456
480
464
476
478
499
501
484
462
470
507
512
500
521
495
482
487
519
517
544
523
527
511
501
528
521
511
559
557
645
658
637
639
670
677
684
689
678
660
656
692
707
716
719
709
716
718
704
714
717
713
706
695
687
707
714
706
730
707
727
710
706
713
722
735
713
706
721
698
698
683
693
674
671
665
652
651
628
632
660
632
634
636
640
614
606
611
590
616
612
602
587
576
572
571
596
562
554
546
545
541
540
536
531
506
498
496
460
442
459
469
459
440
449
437
428
442
432
427
418
404
403
405
406
404
408
418
412
414
413
404
406
400
393
384
380
382
393
405
401
398
396
389
390
387
391
388
386
379
379
370
362
360
356
363
359
362
360
361
365
357
356
353
349
349
346
344
348
344
346
349
350
347
347
350
348
343
333
326
324
328
323
326
329
331
351
358
366
374
387
375
379
377
383
390
402
422
438
443
437
435
428
433
435
438
425
417
395
392
401
402
402
418
420
419
419
420
418
398
393
388
385
395
375
381
380
385
381
372
385
388
384
383
385
394
385
394
396
412
408
382
383
398
412
418
417
422
465
547
598
656
659
695
721
718
711
704
694
698
711
735
711
720
697
707
705
689
688
698
704
688
709
692
662
674
654
668
667
662
662
670
661
676
658
658
640
653
652
661
645
635
621
629
587
593
602
580
570
567
566
557
578
549
553
574
564
540
534
548
550
553
567
557
554
561
570
610
640
645
635
644
628
631
645
643
637
640
628
584
543
529
524
539
604
594
604
610
608
617
644
638
649
662
642
618
577
586
596
567
545
533
551
589
603
606
599
621
634
636
607
605
611
589
613
622
602
591
599
596
584
580
570
558
578
571
575
560
552
545
548
544
550
521
528
542
549
548
532
508
485
498
498
493
502
503
501
496
500
485
487
477
484
490
475
472
469
471
468
465
461
461
471
458
460
452
457
466
472
463
468
467
475
474
509
499
499
481
472
469
458
453
431
426
427
419
413
414
415
427
428
431
423
421
415
415
424
419
404
409
414
415
410
434
434
413
404
408
397
398
407
401
397
400
396
391
388
387
387
384
381
384
378
371
402
404
397
405
400
395
391
397
408
406
401
395
389
383
382
376
380
379
364
358
357
358
364
351
354
360
361
360
359
368
370
365
355
353
350
352
354
349
353
363
363
360
361
357
360
355
338
332
331
331
328
328
329
326
326
328
327
326
324
326
328
328
324
321
320
320
317
312
311
311
311
305
303
307
313
312
311
309
309
305
305
307
305
310
317
324
324
320
317
307
303
315
312
313
308
305
305
308
305
305
308
304
299
301
301
302
301
299
297
295
296
293
293
296
289
288
283
289
288
288
292
292
290
291
293
298
298
295
293
292
300
331
339
335
335
337
342
345
342
341
338
335
335
341
351
349
346
347
344
340
338
348
362
365
366
372
369
366
364
358
355
358
369
372
375
396
420
420
431
435
459
463
439
445
458
451
451
458
453
431
431
453
470
468
467
465
474
474
491
459
461
475
469
449
445
451
440
438
453
445
459
497
577
614
607
621
635
657
652
673
660
702
696
708
712
707
667
660
674
679
702
714
711
719
726
712
716
723
735
699
703
701
686
691
669
666
705
689
670
673
671
659
647
651
655
658
668
642
641
621
601
594
613
643
644
622
608
627
631
646
634
622
614
600
612
595
619
642
633
600
582
572
559
557
551
547
529
549
594
558
531
515
513
516
496
524
512
500
496
495
506
492
484
470
462
462
456
443
441
443
440
444
445
434
429
426
427
424
417
413
403
422
418
409
415
411
403
396
405
392
390
385
382
395
389
389
389
388
396
392
392
392
390
383
383
375
379
383
384
386
396
395
396
392
385
386
378
378
368
362
356
355
358
357
349
345
344
343
342
339
340
334
331
325
321
321
323
318
314
317
316
310
321
329
328
330
329
326
325
337
329
326
322
323
315
314
318
331
335
330
321
317
320
317
317
319
327
329
330
343
348
344
344
346
345
344
346
350
354
360
359
361
361
351
346
345
335
331
331
330
332
341
350
348
341
333
334
332
330
336
333
333
328
337
335
336
328
336
338
331
332
331
333
344
342
341
360
395
427
477
466
432
423
419
413
424
433
442
425
439
473
481
485
500
490
484
483
451
442
440
441
436
431
431
432
416
404
397
398
411
417
416
411
408
407
406
408
409
408
412
463
482
484
493
485
470
503
497
479
477
467
463
466
480
497
536
531
523
518
500
520
592
609
626
629
621
644
620
607
642
608
629
646
639
655
637
616
659
639
620
652
661
651
613
614
616
594
606
607
620
635
668
667
629
625
643
629
647
642
628
630
657
644
648
627
623
607
613
620
620
634
611
592
588
588
593
606
586
608
591
574
563
577
576
565
539
540
546
547
517
506
496
509
500
494
488
471
470
474
452
453
449
455
453
455
456
464
471
455
445
443
448
448
459
474
470
466
444
441
433
427
426
431
429
428
442
449
417
411
401
405
401
399
410
416
414
408
402
397
399
394
393
396
391
393
389
376
356
355
347
345
342
342
348
352
367
372
373
366
362
362
371
376
375
374
375
377
360
354
348
350
350
347
344
342
358
369
373
375
374
377
373
369
366
364
362
357
373
384
381
382
380
379
367
364
361
362
363
363
357
354
341
336
334
333
328
327
323
320
318
315
314
313
315
314
313
312
314
312
309
308
316
314
318
320
320
316
316
314
313
311
310
307
304
303
301
300
299
296
295
291
288
286
285
281
278
274
274
274
283
285
283
284
283
281
278
284
281
284
284
286
285
289
293
296
294
290
296
298
301
306
310
316
319
322
327
327
326
323
325
325
328
334
331
327
328
336
335
341
340
344
339
345
347
350
341
340
351
349
350
355
347
340
339
342
339
334
328
337
333
327
334
333
332
329
329
333
330
339
341
353
361
354
345
356
369
440
472
531
524
494
475
476
483
472
484
542
535
555
573
557
544
532
500
509
489
594
611
639
661
653
673
677
676
671
649
646
627
612
690
710
687
627
603
624
610
600
599
595
592
598
635
681
674
664
688
683
680
680
672
689
699
693
682
689
677
669
679
678
684
664
657
662
650
642
657
669
665
647
636
628
636
641
640
638
636
628
639
637
638
622
619
627
616
618
606
603
595
602
583
566
572
556
569
568
568
558
554
538
542
526
518
517
520
539
544
541
532
517
511
491
497
523
531
513
503
522
539
525
536
531
549
544
535
533
523
522
520
524
519
516
524
516
519
523
517
514
520
507
507
500
497
495
504
501
498
490
488
490
487
484
482
486
467
463
461
463
457
472
456
457
457
463
436
441
446
443
438
437
413
403
396
402
408
424
438
429
428
423
422
422
414
409
390
389
388
385
383
386
380
381
378
379
381
377
383
377
372
369
385
385
386
380
379
375
377
375
376
374
376
367
362
355
356
365
371
378
374
368
352
341
347
350
350
350
357
356
364
364
369
365
363
382
394
386
373
372
378
378
391
411
424
428
427
432
433
430
433
434
430
425
423
415
413
401
405
382
362
360
364
355
355
353
350
359
353
359
364
368
371
368
359
356
357
352
368
366
367
370
364
365
363
354
359
363
343
341
337
331
322
320
337
346
355
343
355
347
345
348
336
334
334
340
342
350
362
364
363
